# Time-averaged data for fix thermo1
# TimeStep c_myTemp
1000 369.82
2000 371.834
3000 375.091
4000 376.733
5000 375.7
6000 373.845
7000 374.596
8000 380.594
9000 378.365
10000 375.267
11000 372.916
12000 372.913
13000 369.166
14000 376.864
15000 371.469
16000 375.193
17000 375.117
18000 372.457
19000 375.712
20000 372.519
21000 371.403
22000 377.491
23000 370.913
24000 379.917
25000 374.821
26000 374.759
27000 368.914
28000 373.091
29000 373.869
30000 380.635
31000 373.862
32000 380.795
33000 371.743
34000 376.253
35000 375.102
36000 373.701
37000 376.039
38000 375.098
39000 368.312
40000 376.249
41000 376.197
42000 380.011
43000 376.224
44000 376.2
45000 380.276
46000 375.71
47000 373.945
48000 371.665
49000 374.791
50000 372.633
51000 368.901
52000 378.012
53000 374.068
54000 377.467
55000 376.169
56000 373.475
57000 373.303
58000 372.225
59000 372.998
60000 369.213
61000 372.922
62000 377.301
63000 371.558
64000 374.206
65000 373.19
66000 376.206
67000 373.201
68000 369.153
69000 378.99
70000 378.945
71000 371.829
72000 374.335
73000 374.41
74000 377.095
75000 373.494
76000 373.604
77000 369.378
78000 377.398
79000 371.855
80000 377.177
81000 370.026
82000 371.001
83000 375.37
84000 371.113
85000 377.139
86000 370.47
87000 370.34
88000 370.275
89000 377.39
90000 372.971
91000 375.626
92000 370.791
93000 372.49
94000 368.975
95000 371.491
96000 375.798
97000 375.251
98000 373.566
99000 372.513
100000 372.653
101000 376.855
102000 370.337
103000 373.136
104000 376.238
105000 373.206
106000 372.001
107000 379.723
108000 370.934
109000 376.251
110000 372.305
111000 377.562
112000 370.699
113000 370.917
114000 375.092
115000 369.203
116000 375.319
117000 369.25
118000 376.392
119000 373.637
120000 374.418
121000 378.474
122000 371.684
123000 371.186
124000 374.39
125000 372.717
126000 368.428
127000 373.367
128000 374.689
129000 373.703
130000 369.609
131000 379.043
132000 373.908
133000 371.613
134000 372.422
135000 372.983
136000 376.356
137000 372.219
138000 372.645
139000 376.922
140000 371.846
141000 378.613
142000 372.586
143000 370.412
144000 370.366
145000 374.436
146000 373.805
147000 375.598
148000 376.335
149000 373.209
150000 370.902
151000 374.936
152000 378.263
153000 369.284
154000 374.273
155000 376.699
156000 377.206
157000 378.036
158000 373.135
159000 370.351
160000 372.637
161000 374.663
162000 379.175
163000 374.657
164000 371.3
165000 377.877
166000 374.282
167000 373.734
168000 374.857
169000 375.404
170000 372.167
171000 376.953
172000 375.646
173000 374.786
174000 375.147
175000 372.088
176000 375.956
177000 374.078
178000 376.033
179000 374.896
180000 381.385
181000 374.252
182000 371.207
183000 374.956
184000 374.89
185000 380.395
186000 375.417
187000 372.874
188000 376.326
189000 371.344
190000 379.559
191000 374.188
192000 372.135
193000 378.1
194000 371.322
195000 375.758
196000 376.397
197000 375.158
198000 372.221
199000 373.306
200000 373.262
201000 377.895
202000 372.83
203000 375.138
204000 373.905
205000 374.871
206000 375.904
207000 376.203
208000 374.039
209000 376.5
210000 371.505
211000 374.178
212000 373.52
213000 377.277
214000 372.416
215000 376.105
216000 371.926
217000 378.41
218000 372.805
219000 373.164
220000 377.801
221000 372.424
222000 371.41
223000 375.843
224000 373.179
225000 376.096
226000 371.303
227000 376.205
228000 372.995
229000 375.345
230000 373.341
231000 372.868
232000 378.696
233000 372.495
234000 374.393
235000 374.227
236000 375.813
237000 370.987
238000 376.637
239000 373.578
240000 372.783
241000 376.573
242000 369.289
243000 375.474
244000 372.114
245000 370.096
246000 373.04
247000 372.056
248000 377.514
249000 374.118
250000 375.274
251000 378.447
252000 375.675
253000 372.135
254000 373.031
255000 375.576
256000 377.562
257000 373.179
258000 376.266
259000 374.996
260000 374.797
261000 370.232
262000 374.341
263000 367.593
264000 373.657
265000 375.307
266000 373.284
267000 375.845
268000 370.429
269000 372.088
270000 372.052
271000 378.344
272000 374.296
273000 374.346
274000 374.7
275000 373.651
276000 371.094
277000 375.271
278000 375.772
279000 371.023
280000 375.173
281000 372.209
282000 378.708
283000 376.337
284000 377.277
285000 372.03
286000 373.99
287000 375.238
288000 373.62
289000 372.311
290000 374.5
291000 375.026
292000 376.325
293000 372.437
294000 373.102
295000 376.028
296000 377.844
297000 377.627
298000 369.669
299000 375.77
300000 374.977
301000 372.279
302000 370.541
303000 373.448
304000 375.593
305000 372.899
306000 371.95
307000 375.369
308000 375.293
309000 372.416
310000 371.1
311000 372.108
312000 367.225
313000 375.144
314000 374.498
315000 377.236
316000 374.177
317000 374.268
318000 375.537
319000 373.944
320000 371.369
321000 374.762
322000 374.729
323000 374.446
324000 376.404
325000 368.038
326000 375.454
327000 374.133
328000 370.67
329000 378.924
330000 374.321
331000 378.237
332000 373.41
333000 375
334000 372.837
335000 374.369
336000 371.909
337000 373.35
338000 374.365
339000 373.806
340000 373.791
341000 370.764
342000 377.05
343000 370.609
344000 376.831
345000 366.601
346000 375.621
347000 370.042
348000 370.484
349000 376.466
350000 367.585
351000 374.498
352000 374.133
353000 376.125
354000 375.77
355000 372.831
356000 377.023
357000 370.792
358000 371.137
359000 373.624
360000 377.003
361000 374.934
362000 375.238
363000 370.75
364000 377.388
365000 372.27
366000 368.947
367000 373.583
368000 375.039
369000 376.008
370000 373.1
371000 369.628
372000 375.24
373000 375.243
374000 376.178
375000 375.085
376000 372.965
377000 374.601
378000 374.586
379000 372.462
380000 377.479
381000 372.766
382000 374.02
383000 374.158
384000 376.394
385000 376.925
386000 372.32
387000 372.64
388000 372.061
389000 372.345
390000 371.059
391000 374.093
392000 374.979
393000 372.809
394000 378.246
395000 370.49
396000 377.006
397000 370.659
398000 374.898
399000 375.059
400000 375.138
401000 375.572
402000 378.313
403000 373.524
404000 371.733
405000 370.584
406000 374.553
407000 374.613
408000 375.169
409000 374.282
410000 373.004
411000 374.826
412000 371.539
413000 377.285
414000 379.726
415000 371.548
416000 375.602
417000 372.282
418000 370.767
419000 373.429
420000 381.014
421000 376.159
422000 373.526
423000 374.962
424000 377.764
425000 368.861
426000 374.048
427000 373.251
428000 379.797
429000 374.229
430000 377.117
431000 372.646
432000 373.987
433000 374.056
434000 376.679
435000 375.122
436000 370.964
437000 372.248
438000 373.974
439000 371.324
440000 365.146
441000 374.002
442000 372.258
443000 372.9
444000 374.673
445000 377.45
446000 374.234
447000 374.173
448000 376.343
449000 373.467
450000 373.6
451000 373.169
452000 375.791
453000 379.327
454000 373.83
455000 370.751
456000 372.86
457000 374.246
458000 374.444
459000 376.73
460000 371.113
461000 370.895
462000 372.994
463000 374.992
464000 376.682
465000 375.537
466000 372.692
467000 376.54
468000 378.857
469000 375.344
470000 373.976
471000 371.282
472000 375.899
473000 376.02
474000 379.553
475000 375.309
476000 374.454
477000 377.868
478000 373.111
479000 375.499
480000 372.981
481000 376.944
482000 375.805
483000 380.07
484000 373.825
485000 374.497
486000 378.19
487000 376.03
488000 377.095
489000 368.71
490000 375.767
491000 373.836
492000 370.648
493000 370.635
494000 374.151
495000 371.907
496000 370.25
497000 373.833
498000 374.821
499000 377.003
500000 376.495
501000 376.451
502000 373.502
503000 372.648
504000 374.656
505000 375.275
506000 373.94
507000 374.359
508000 374.655
509000 377.343
510000 370.197
511000 372.863
512000 371.443
513000 375.061
514000 373.256
515000 372.302
516000 374.537
517000 373.76
518000 373.07
519000 371.243
520000 374.646
521000 373.059
522000 373.205
523000 373.76
524000 370.661
525000 377.504
526000 374.326
527000 378.579
528000 377.8
529000 378.574
530000 375.637
531000 375.696
532000 373.449
533000 376.441
534000 373.822
535000 373.49
536000 370.34
537000 378.205
538000 375
539000 373.892
540000 376.267
541000 372.634
542000 377.867
543000 377.127
544000 376.315
545000 373.622
546000 368.482
547000 377.166
548000 374.651
549000 374.242
550000 375.555
551000 372.329
552000 374.445
553000 375.221
554000 372.303
555000 370.373
556000 373.667
557000 373.8
558000 372.806
559000 372.823
560000 378.166
561000 376.549
562000 373.312
563000 375.916
564000 375.383
565000 374.993
566000 370.295
567000 373.875
568000 376.146
569000 377.567
570000 376.182
571000 372.221
572000 372.125
573000 378.117
574000 375.716
575000 372.346
576000 376.123
577000 370.557
578000 376.406
579000 374.077
580000 376.584
581000 374.116
582000 377.063
583000 374.714
584000 374.189
585000 375.728
586000 373.24
587000 375.105
588000 374.237
589000 371.375
590000 375.929
591000 378.398
592000 374.033
593000 372.073
594000 375.292
595000 377.461
596000 372.949
597000 373.849
598000 373.715
599000 375.434
600000 374.986
601000 372.782
602000 372.796
603000 374.867
604000 370.781
605000 376.295
606000 374.242
607000 377.441
608000 374.47
609000 375.789
610000 376.234
611000 371.553
612000 372.41
613000 375.8
614000 369.668
615000 374.727
616000 375.5
617000 373.35
618000 377.586
619000 374.583
620000 372.85
621000 374.868
622000 372.672
623000 376.255
624000 374.806
625000 373.356
626000 375.251
627000 373.909
628000 372.122
629000 374.928
630000 373.342
631000 375.174
632000 376.605
633000 371.468
634000 375.179
635000 374.015
636000 374.185
637000 375.521
638000 373.771
639000 370.491
640000 378.334
641000 372.653
642000 372.761
643000 375.037
644000 372.471
645000 379.256
646000 370.018
647000 369.706
648000 377.346
649000 373.063
650000 373.878
651000 375.263
652000 371.478
653000 373.339
654000 372.61
655000 376.012
656000 371.54
657000 371.332
658000 378.583
659000 373.067
660000 375.33
661000 374.298
662000 376.018
663000 374.052
664000 375.481
665000 371.766
666000 371.909
667000 371.184
668000 368.482
669000 374.803
670000 378.939
671000 374.273
672000 379.499
673000 372.013
674000 375.09
675000 376.79
676000 370.235
677000 374.609
678000 374.449
679000 374.301
680000 378.789
681000 379.46
682000 371.433
683000 373.598
684000 377.154
685000 379.091
686000 370.44
687000 377.237
688000 375.509
689000 375.704
690000 372.969
691000 372.085
692000 374.445
693000 371.875
694000 370.846
695000 371.676
696000 378.207
697000 374.067
698000 375.15
699000 372.754
700000 371.867
701000 374.302
702000 374.914
703000 373.39
704000 376.719
705000 371.298
706000 375.723
707000 371.731
708000 370.757
709000 368.741
710000 372.885
711000 375.49
712000 374.824
713000 376.92
714000 377.901
715000 376.139
716000 377.441
717000 374.236
718000 373.384
719000 372.208
720000 377.219
721000 376.309
722000 375.097
723000 374.497
724000 375.793
725000 374.126
726000 370.269
727000 372.005
728000 377.415
729000 368.615
730000 370.846
731000 372.197
732000 377.604
733000 375.948
734000 373.488
735000 374.652
736000 374.494
737000 374.866
738000 368.472
739000 376.654
740000 375.359
741000 375.124
742000 371.115
743000 377.263
744000 374.069
745000 375.45
746000 376.235
747000 372.898
748000 373.457
749000 373.466
750000 375.159
751000 377.769
752000 376.094
753000 376.097
754000 377.593
755000 374.36
756000 373.684
757000 369.818
758000 372.276
759000 374.17
760000 372.835
761000 373.156
762000 377.507
763000 374.455
764000 373.97
765000 375.334
766000 372.995
767000 372.01
768000 372.32
769000 374.004
770000 374.579
771000 375.754
772000 376.121
773000 377.003
774000 376.107
775000 374.165
776000 375.791
777000 376.591
778000 380.176
779000 374.473
780000 375.106
781000 374.9
782000 374.089
783000 374.362
784000 371.532
785000 373.836
786000 373.912
787000 373.407
788000 374.414
789000 377.079
790000 373.848
791000 373.092
792000 371.815
793000 372.127
794000 371.747
795000 374.488
796000 374.224
797000 373.503
798000 376.013
799000 373.049
800000 376.485
801000 376.199
802000 375.858
803000 375.894
804000 370.39
805000 369.641
806000 375.525
807000 372.971
808000 371.571
809000 380.014
810000 373.018
811000 378.291
812000 371.318
813000 376.008
814000 372.949
815000 375.776
816000 376.804
817000 374.971
818000 376.163
819000 371.236
820000 373.909
821000 378.017
822000 373.158
823000 373.66
824000 377.105
825000 370.801
826000 372.764
827000 379.017
828000 380.792
829000 375.391
830000 377.35
831000 370.493
832000 375.3
833000 373.162
834000 376.154
835000 370.092
836000 375.311
837000 375.259
838000 375.464
839000 373.839
840000 372.888
841000 373.742
842000 371.157
843000 372.827
844000 373.171
845000 371.965
846000 372.456
847000 374.061
848000 375.985
849000 377.493
850000 375.174
851000 372.413
852000 377.857
853000 375.479
854000 372.209
855000 371.618
856000 375.662
857000 372.053
858000 375.48
859000 374.761
860000 370.309
861000 375.594
862000 379.567
863000 374.995
864000 376.641
865000 369.971
866000 374.134
867000 377.002
868000 379.494
869000 372.598
870000 374.32
871000 375.324
872000 370.748
873000 373.844
874000 380.849
875000 373.092
876000 374.364
877000 375.864
878000 371.629
879000 374.23
880000 374.854
881000 373.111
882000 372.698
883000 373.34
884000 372.114
885000 376.325
886000 374.46
887000 373.881
888000 373.413
889000 379.196
890000 373.406
891000 372.061
892000 372.277
893000 373.093
894000 372.122
895000 374.121
896000 375.551
897000 375.826
898000 373.841
899000 375.543
900000 376.816
901000 372.585
902000 374.578
903000 376.562
904000 373.157
905000 371.486
906000 370.147
907000 368.181
908000 374.412
909000 376.079
910000 374.363
911000 372.788
912000 373.981
913000 374.171
914000 378.374
915000 374.005
916000 371.727
917000 374.67
918000 369.318
919000 372.899
920000 373.023
921000 373.679
922000 378.292
923000 378.346
924000 374.985
925000 374.397
926000 372.18
927000 372.245
928000 367.887
929000 374.541
930000 376.399
931000 374.603
932000 375.107
933000 372.769
934000 376.786
935000 379.799
936000 373.173
937000 376.768
938000 377.379
939000 373.002
940000 375.394
941000 375.796
942000 372.753
943000 372.731
944000 375.974
945000 374.067
946000 368.293
947000 376.377
948000 374.149
949000 375.736
950000 373.384
951000 374.537
952000 370.121
953000 373.269
954000 378.997
955000 371.378
956000 375.814
957000 372.244
958000 375.07
959000 371.641
960000 370.383
961000 362.759
962000 372.427
963000 371.709
964000 376.698
965000 371.997
966000 382.005
967000 376.297
968000 373.786
969000 371.209
970000 373.248
971000 375.255
972000 372.913
973000 373.721
974000 370.232
975000 374.469
976000 377.353
977000 373.14
978000 378.402
979000 373.8
980000 376.444
981000 373.225
982000 380.005
983000 371.956
984000 370.165
985000 372.924
986000 376.07
987000 374.653
988000 375.087
989000 371.238
990000 374.817
991000 367.403
992000 373.734
993000 375.866
994000 373.721
995000 375.163
996000 371.78
997000 376.045
998000 374.529
999000 377.557
1000000 378.211
1001000 375.255
1002000 371.56
1003000 378.23
1004000 375.396
1005000 373.228
1006000 372.827
1007000 373.575
1008000 371.794
1009000 376.833
1010000 375.981
1011000 376.866
1012000 374.575
1013000 375.606
1014000 372.947
1015000 371.37
1016000 378.988
1017000 375.519
1018000 375.319
1019000 374.637
1020000 373.875
1021000 373.101
1022000 372.216
1023000 375.371
1024000 369.654
1025000 376.941
1026000 377.255
1027000 375.856
1028000 375.337
1029000 372.849
1030000 377.925
1031000 373.443
1032000 368.115
1033000 376.49
1034000 379.187
1035000 369.695
1036000 372.471
1037000 369.891
1038000 370.948
1039000 370.238
1040000 373.011
1041000 371.714
1042000 375.707
1043000 375.208
1044000 374.782
1045000 373.021
1046000 374.676
1047000 370.483
1048000 371.478
1049000 376.12
1050000 374.495
1051000 377.444
1052000 373.069
1053000 373.276
1054000 373.381
1055000 373.575
1056000 372.062
1057000 370.199
1058000 375.464
1059000 377.001
1060000 372.597
1061000 375.295
1062000 372.158
1063000 375.058
1064000 373.016
1065000 372.916
1066000 376.171
1067000 369.997
1068000 375.712
1069000 374.192
1070000 373.719
1071000 379.045
1072000 369.313
1073000 376.219
1074000 375.082
1075000 373.217
1076000 374.181
1077000 375.072
1078000 374.739
1079000 378.15
1080000 374.896
1081000 374.896
1082000 375.585
1083000 375.29
1084000 376.602
1085000 377.708
1086000 372.035
1087000 375.68
1088000 372.855
1089000 372.525
1090000 373.506
1091000 371.961
1092000 372.768
1093000 375.937
1094000 371.864
1095000 373.823
1096000 374.471
1097000 371.916
1098000 373.759
1099000 375.08
1100000 373.417
1101000 377.454
1102000 372.78
1103000 373.997
1104000 374.864
1105000 374.822
1106000 370.151
1107000 373.745
1108000 372.168
1109000 373.841
1110000 375.406
1111000 376.744
1112000 375.537
1113000 375.069
1114000 376.407
1115000 369.424
1116000 375.654
1117000 372.271
1118000 376.62
1119000 376.918
1120000 371.459
1121000 373.249
1122000 371.32
1123000 373.702
1124000 372.244
1125000 377.168
1126000 371.349
1127000 374.125
1128000 375.17
1129000 373.789
1130000 375.839
1131000 376.506
1132000 366.609
1133000 375.832
1134000 374.415
1135000 374.225
1136000 372.633
1137000 371.889
1138000 374.225
1139000 373.801
1140000 372.108
1141000 380.06
1142000 372.297
1143000 369.811
1144000 373.592
1145000 374.693
1146000 377.694
1147000 369.684
1148000 376.089
1149000 370.628
1150000 380.084
1151000 373.787
1152000 375.196
1153000 373.073
1154000 371.789
1155000 375.194
1156000 375.539
1157000 372.397
1158000 375.189
1159000 371.625
1160000 371.843
1161000 369.961
1162000 375.291
1163000 377.362
1164000 372.994
1165000 376.942
1166000 371.892
1167000 375.826
1168000 372.496
1169000 372.948
1170000 375.711
1171000 378.109
1172000 373.307
1173000 379.241
1174000 375.899
1175000 368.421
1176000 370.718
1177000 375.632
1178000 376.018
1179000 374.557
1180000 371.409
1181000 373.017
1182000 374.991
1183000 374.563
1184000 372.663
1185000 379.393
1186000 375.847
1187000 372.798
1188000 375.387
1189000 375.17
1190000 376.768
1191000 375.855
1192000 374.062
1193000 378.451
1194000 371.512
1195000 375.327
1196000 375.423
1197000 373.158
1198000 376.876
1199000 374.13
1200000 371.498
1201000 371.087
1202000 376.18
1203000 376.534
1204000 372.968
1205000 372.114
1206000 369.481
1207000 370.684
1208000 376.013
1209000 376.818
1210000 375.86
1211000 374.242
1212000 372.85
1213000 377.253
1214000 372.647
1215000 375.741
1216000 375.265
1217000 372.742
1218000 377.232
1219000 372.609
1220000 371.723
1221000 370.351
1222000 372.986
1223000 376.186
1224000 371.724
1225000 372.006
1226000 376.912
1227000 373.436
1228000 372.471
1229000 371.848
1230000 376.833
1231000 378.267
1232000 381.222
1233000 370.042
1234000 374.447
1235000 376.378
1236000 370.782
1237000 374.597
1238000 376.292
1239000 373.113
1240000 368.58
1241000 374.825
1242000 374.052
1243000 373.725
1244000 373.945
1245000 372.486
1246000 372.756
1247000 370.66
1248000 373.35
1249000 373.88
1250000 370.176
1251000 372.818
1252000 375.141
1253000 369.494
1254000 373.907
1255000 373.313
1256000 376.654
1257000 372.209
1258000 373.525
1259000 373.714
1260000 374.058
1261000 379.73
1262000 373.367
1263000 379.345
1264000 371.578
1265000 376.992
1266000 373.885
1267000 376.998
1268000 378.115
1269000 367.295
1270000 375.264
1271000 373.679
1272000 374.384
1273000 371.049
1274000 372.108
1275000 373.549
1276000 373.529
1277000 371.638
1278000 374.636
1279000 370.79
1280000 374.515
1281000 372.963
1282000 375.394
1283000 371.826
1284000 372.124
1285000 373.167
1286000 371.588
1287000 372.674
1288000 376.411
1289000 371.092
1290000 375.133
1291000 373.598
1292000 375.296
1293000 370.073
1294000 371.447
1295000 372.385
1296000 374.5
1297000 379.791
1298000 377.306
1299000 373.99
1300000 375.895
1301000 375.558
1302000 374.313
1303000 375.184
1304000 372.776
1305000 373.557
1306000 375.066
1307000 374.134
1308000 370.351
1309000 372.11
1310000 374.665
1311000 376.336
1312000 376.054
1313000 370.886
1314000 373.721
1315000 374.658
1316000 372.791
1317000 376.693
1318000 376.538
1319000 374.654
1320000 378.057
1321000 371.005
1322000 375.585
1323000 371.974
1324000 369.512
1325000 379.682
1326000 374.59
1327000 374.767
1328000 374.473
1329000 368.438
1330000 375.335
1331000 376.036
1332000 378.703
1333000 371.456
1334000 372.446
1335000 374.067
1336000 373.641
1337000 370.647
1338000 379.677
1339000 372.405
1340000 370.701
1341000 374.779
1342000 375.139
1343000 373.056
1344000 373.829
1345000 375.432
1346000 379.616
1347000 373.761
1348000 377.331
1349000 372.957
1350000 372.793
1351000 372.074
1352000 373.793
1353000 372.012
1354000 371.506
1355000 373.469
1356000 373.646
1357000 370.237
1358000 375.816
1359000 373.112
1360000 379.713
1361000 373.511
1362000 374.75
1363000 372.52
1364000 374.105
1365000 374.838
1366000 373.037
1367000 373.124
1368000 370.372
1369000 375.305
1370000 368.393
1371000 375.098
1372000 368.461
1373000 373.784
1374000 375.349
1375000 372.424
1376000 374.612
1377000 372.226
1378000 372.666
1379000 373.351
1380000 374.904
1381000 374.583
1382000 370.715
1383000 378.171
1384000 375.752
1385000 377.225
1386000 370.626
1387000 375.706
1388000 376.438
1389000 374.749
1390000 369.693
1391000 374.614
1392000 374.819
1393000 372.707
1394000 376.673
1395000 377.321
1396000 375.493
1397000 372.568
1398000 373.533
1399000 372.899
1400000 371.218
1401000 380.089
1402000 374.726
1403000 372.296
1404000 376.748
1405000 378.578
1406000 374.262
1407000 375.851
1408000 371.605
1409000 372.954
1410000 370.951
1411000 368.777
1412000 376.111
1413000 374.697
1414000 374.487
1415000 375.823
1416000 375.186
1417000 375.486
1418000 372.395
1419000 378.878
1420000 370.082
1421000 371.907
1422000 371.868
1423000 377.045
1424000 376.49
1425000 371.213
1426000 374.097
1427000 372.525
1428000 372.317
1429000 375.648
1430000 372.726
1431000 375.176
1432000 374.548
1433000 372.757
1434000 377.641
1435000 374.581
1436000 369.047
1437000 374.973
1438000 375.736
1439000 372.76
1440000 371.633
1441000 376.553
1442000 373.549
1443000 373.752
1444000 380.478
1445000 374.334
1446000 372.838
1447000 375.283
1448000 373.754
1449000 375.315
1450000 371.882
1451000 373.736
1452000 376.612
1453000 376.757
1454000 373.285
1455000 373.875
1456000 373.4
1457000 376.143
1458000 375.127
1459000 380.894
1460000 373.071
1461000 376.962
1462000 373.988
1463000 375.516
1464000 375.621
1465000 374.983
1466000 368.694
1467000 375.38
1468000 375.549
1469000 372.397
1470000 374.823
1471000 370.649
1472000 375.715
1473000 373.864
1474000 370.425
1475000 373.673
1476000 373.586
1477000 376.619
1478000 373.099
1479000 371.598
1480000 374.933
1481000 374.288
1482000 376.783
1483000 372.672
1484000 374.068
1485000 370.267
1486000 370.679
1487000 375.132
1488000 372.388
1489000 376.117
1490000 377.42
1491000 366.76
1492000 371.945
1493000 375.788
1494000 373.454
1495000 371.653
1496000 372.788
1497000 380.374
1498000 373.088
1499000 377.272
1500000 372.936
1501000 376.151
1502000 380.179
1503000 371.825
1504000 374.276
1505000 375.835
1506000 372.248
1507000 371.577
1508000 369.871
1509000 377.304
1510000 376.173
1511000 373.926
1512000 370.998
1513000 371.846
1514000 374.634
1515000 368.095
1516000 371.931
1517000 372.309
1518000 372.239
1519000 373.388
1520000 372.067
1521000 375.821
1522000 373.875
1523000 373.777
1524000 375.085
1525000 378.709
1526000 373.954
1527000 373.926
1528000 378.276
1529000 367.748
1530000 374.978
1531000 369.588
1532000 376.098
1533000 374.786
1534000 373.307
1535000 372.994
1536000 378.27
1537000 371.639
1538000 375.456
1539000 376.998
1540000 371.364
1541000 371.164
1542000 374.249
1543000 375.218
1544000 374.223
1545000 371.594
1546000 372.608
1547000 372.675
1548000 374.625
1549000 378.731
1550000 374.925
1551000 376.548
1552000 375.059
1553000 371.832
1554000 372.869
1555000 376.575
1556000 373.586
1557000 371.419
1558000 373.051
1559000 381.026
1560000 372.829
1561000 371.497
1562000 372.536
1563000 374.021
1564000 373.583
1565000 373.641
1566000 371.174
1567000 376.434
1568000 378.355
1569000 374.71
1570000 374.979
1571000 375.235
1572000 374.087
1573000 375.199
1574000 375.736
1575000 371.506
1576000 369.26
1577000 376.696
1578000 379.171
1579000 372.173
1580000 375.754
1581000 379.356
1582000 375.699
1583000 373.925
1584000 375.305
1585000 373.717
1586000 374.559
1587000 373.414
1588000 375.202
1589000 379.064
1590000 370.504
1591000 376.564
1592000 375.841
1593000 372.838
1594000 367.828
1595000 377.794
1596000 373.694
1597000 372.501
1598000 376.169
1599000 373.322
1600000 371.81
1601000 374.687
1602000 372.353
1603000 369.773
1604000 375.405
1605000 370.259
1606000 377.321
1607000 372.035
1608000 379.917
1609000 372.177
1610000 372.418
1611000 372.323
1612000 372.371
1613000 377.301
1614000 368.408
1615000 377.345
1616000 376.21
1617000 375.176
1618000 375.448
1619000 373
1620000 373.463
1621000 379.637
1622000 375.553
1623000 376.412
1624000 371.151
1625000 374.382
1626000 377.289
1627000 367.287
1628000 374.241
1629000 374.266
1630000 372.763
1631000 374.877
1632000 376.456
1633000 378.173
1634000 372.928
1635000 373.629
1636000 374.64
1637000 371.35
1638000 372.806
1639000 375.714
1640000 374.405
1641000 369.335
1642000 373.02
1643000 375.185
1644000 375.538
1645000 370.026
1646000 372.065
1647000 377.329
1648000 372.929
1649000 375.017
1650000 375.038
1651000 371.54
1652000 372.373
1653000 377.869
1654000 374.694
1655000 369.986
1656000 373.66
1657000 371.981
1658000 375.129
1659000 376.312
1660000 372.916
1661000 374.583
1662000 373.82
1663000 369.903
1664000 375.554
1665000 374.767
1666000 377.248
1667000 373.689
1668000 375.142
1669000 369.717
1670000 377.267
1671000 376.285
1672000 370.665
1673000 374.631
1674000 379.004
1675000 375.625
1676000 374.948
1677000 372.938
1678000 376.487
1679000 375.705
1680000 371.354
1681000 373.326
1682000 376.599
1683000 374.058
1684000 372.271
1685000 374.698
1686000 375.323
1687000 369.858
1688000 373.604
1689000 373.113
1690000 370.574
1691000 379.925
1692000 375.132
1693000 376.015
1694000 375.514
1695000 376.79
1696000 376.127
1697000 373.748
1698000 373.842
1699000 372.177
1700000 370.118
1701000 372.707
1702000 375.005
1703000 373.963
1704000 376.227
1705000 372.903
1706000 370.735
1707000 371.72
1708000 370.054
1709000 375.088
1710000 376.072
1711000 373.989
1712000 373.639
1713000 369.921
1714000 373.123
1715000 371.382
1716000 372.583
1717000 374.155
1718000 374.345
1719000 376.136
1720000 372.171
1721000 373.16
1722000 378.092
1723000 371.198
1724000 375.917
1725000 373.33
1726000 372.936
1727000 366.703
1728000 374.367
1729000 377.278
1730000 376.493
1731000 373.982
1732000 371.498
1733000 376.039
1734000 373.889
1735000 372.413
1736000 374.633
1737000 374.582
1738000 377.047
1739000 371.594
1740000 376.518
1741000 373.133
1742000 376.735
1743000 374.006
1744000 375.183
1745000 376.974
1746000 371.205
1747000 373.411
1748000 370.058
1749000 371.021
1750000 374.283
1751000 373.955
1752000 374.504
1753000 376.967
1754000 377.363
1755000 375.25
1756000 378.64
1757000 371.307
1758000 375.11
1759000 376.505
1760000 372.948
1761000 376.568
1762000 375.252
1763000 376.438
1764000 375.719
1765000 376.374
1766000 376.018
1767000 373.653
1768000 376.42
1769000 368.996
1770000 376.484
1771000 377.84
1772000 371.298
1773000 376.801
1774000 374.226
1775000 369.691
1776000 377.839
1777000 375.152
1778000 372.816
1779000 377.061
1780000 375.89
1781000 380.538
1782000 375.447
1783000 374.795
1784000 370.585
1785000 375.608
1786000 369.943
1787000 378.289
1788000 372.008
1789000 372.81
1790000 374.157
1791000 374.708
1792000 369.616
1793000 373.816
1794000 372.835
1795000 373.609
1796000 376.602
1797000 376.26
1798000 373.867
1799000 374.703
1800000 376.885
1801000 371.817
1802000 374.362
1803000 376.155
1804000 373.82
1805000 371.891
1806000 375.4
1807000 378.034
1808000 371.75
1809000 375.267
1810000 372.772
1811000 375.293
1812000 374.751
1813000 372.77
1814000 373.333
1815000 376.309
1816000 371.357
1817000 373.399
1818000 373.109
1819000 371.367
1820000 374.796
1821000 375.715
1822000 375.623
1823000 370.916
1824000 372.238
1825000 372.018
1826000 377.988
1827000 381.69
1828000 375.141
1829000 373.819
1830000 378.182
1831000 371.097
1832000 374.365
1833000 373.518
1834000 376.763
1835000 369.95
1836000 368.894
1837000 372.386
1838000 372.576
1839000 375.635
1840000 370.105
1841000 367.136
1842000 376.686
1843000 378.211
1844000 376.458
1845000 374.027
1846000 372.892
1847000 374.424
1848000 373.25
1849000 377.526
1850000 371.404
1851000 374.603
1852000 374.384
1853000 375.53
1854000 373.83
1855000 376.991
1856000 371.278
1857000 375.029
1858000 372.428
1859000 369.785
1860000 373.634
1861000 373.413
1862000 375.204
1863000 374.347
1864000 373.6
1865000 373.746
1866000 372.135
1867000 369.965
1868000 374.147
1869000 377.065
1870000 377.208
1871000 381.266
1872000 370.078
1873000 372.178
1874000 378.591
1875000 373.994
1876000 375.685
1877000 373.094
1878000 372.808
1879000 379.062
1880000 376.348
1881000 376.535
1882000 375.858
1883000 372.3
1884000 369.277
1885000 375.013
1886000 376.048
1887000 376.535
1888000 368.857
1889000 374.127
1890000 372.654
1891000 374.507
1892000 375.192
1893000 373.289
1894000 370.806
1895000 372.966
1896000 374.125
1897000 375.049
1898000 373.108
1899000 378.137
1900000 369.691
1901000 374.214
1902000 373.995
1903000 373.513
1904000 375.006
1905000 372.579
1906000 373.424
1907000 371.711
1908000 376.99
1909000 376.036
1910000 375.883
1911000 375.042
1912000 367.514
1913000 376.96
1914000 375.064
1915000 371.616
1916000 377.678
1917000 373.414
1918000 376.075
1919000 371.264
1920000 371.586
1921000 375.337
1922000 374.2
1923000 370.44
1924000 374.959
1925000 376.53
1926000 377.11
1927000 373.76
1928000 378.69
1929000 378.159
1930000 373.244
1931000 372.627
1932000 374.237
1933000 371.392
1934000 376.453
1935000 371.297
1936000 375.772
1937000 370.395
1938000 374.157
1939000 375.305
1940000 375.423
1941000 373.697
1942000 374.303
1943000 375.748
1944000 373.436
1945000 374.785
1946000 377.599
1947000 372.846
1948000 371.512
1949000 375
1950000 374.843
1951000 371.556
1952000 373.557
1953000 376.479
1954000 372.653
1955000 373.61
1956000 374.008
1957000 376.444
1958000 375.52
1959000 374.661
1960000 376.167
1961000 374.363
1962000 375.006
1963000 378
1964000 372.072
1965000 374.954
1966000 375.838
1967000 375.983
1968000 376.811
1969000 373.009
1970000 375.323
1971000 372.609
1972000 373.034
1973000 372.375
1974000 374.047
1975000 375.626
1976000 378.236
1977000 372.39
1978000 371.505
1979000 375.987
1980000 375.542
1981000 369.054
1982000 377.169
1983000 379.777
1984000 375.304
1985000 372.826
1986000 377.077
1987000 376.649
1988000 370.637
1989000 373.639
1990000 372.886
1991000 376.742
1992000 374.793
1993000 370.248
1994000 378.674
1995000 372.283
1996000 375.089
1997000 375.561
1998000 373.954
1999000 368.884
2000000 377.418
2001000 370.782
2002000 374.496
2003000 373.448
2004000 372.679
2005000 374.389
2006000 377.871
2007000 373.718
2008000 376.61
2009000 378.415
2010000 372.863
2011000 374.898
2012000 371.715
2013000 369.847
2014000 373.285
2015000 373.598
2016000 372.119
2017000 373.879
2018000 375.979
2019000 371.511
2020000 375.801
2021000 374.132
2022000 374.775
2023000 374.089
2024000 370.864
2025000 373.081
2026000 372.461
2027000 374.661
2028000 377.418
2029000 372.302
2030000 375.261
2031000 374.523
2032000 372.067
2033000 377.389
2034000 377.527
2035000 375.226
2036000 370.287
2037000 373.474
2038000 374.054
2039000 375.526
2040000 368.851
2041000 373.709
2042000 369.134
2043000 372.81
2044000 380.124
2045000 375.395
2046000 371
2047000 375.827
2048000 377.53
2049000 371.483
2050000 376.221
2051000 372.598
2052000 376.771
2053000 372.568
2054000 369.624
2055000 377.918
2056000 375.335
2057000 378.723
2058000 374.039
2059000 370.122
2060000 372.624
2061000 373.712
2062000 375.777
2063000 372.457
2064000 377.306
2065000 376.437
2066000 372.998
2067000 373.458
2068000 372.663
2069000 375.646
2070000 369.009
2071000 375.598
2072000 374.035
2073000 372.406
2074000 375.394
2075000 371.906
2076000 373.336
2077000 376.105
2078000 373.777
2079000 374.419
2080000 376.787
2081000 373.613
2082000 378.228
2083000 377.772
2084000 373.301
2085000 374.547
2086000 373.919
2087000 367.281
2088000 373.633
2089000 376.811
2090000 369.44
2091000 374.184
2092000 372.081
2093000 373.585
2094000 372.068
2095000 374
2096000 374.718
2097000 376.49
2098000 371.493
2099000 376.714
2100000 372.985
2101000 374.171
2102000 371.421
2103000 375.768
2104000 374.927
2105000 372.537
2106000 374.603
2107000 374.565
2108000 374.318
2109000 376.436
2110000 377.545
2111000 374.239
2112000 374.036
2113000 374.843
2114000 372.614
2115000 375.424
2116000 377.645
2117000 372.796
2118000 376.884
2119000 378.347
2120000 372.523
2121000 377.758
2122000 378.531
2123000 372.154
2124000 370.88
2125000 376.726
2126000 375.234
2127000 375.762
2128000 372.534
2129000 374.12
2130000 379.547
2131000 375.602
2132000 377.254
2133000 373.569
2134000 374.242
2135000 370.058
2136000 375.579
2137000 372.792
2138000 377.449
2139000 378.285
2140000 377.319
2141000 373.301
2142000 375.692
2143000 377.177
2144000 371.927
2145000 373.154
2146000 372.817
2147000 372.908
2148000 371.304
2149000 373.953
2150000 379.512
2151000 372.812
2152000 373.071
2153000 375.227
2154000 373.548
2155000 378.087
2156000 379.587
2157000 373.938
2158000 373.289
2159000 374.445
2160000 370.784
2161000 374.826
2162000 375.844
2163000 376.35
2164000 377.68
2165000 372.851
2166000 375.59
2167000 373.561
2168000 371.612
2169000 372.393
2170000 375.46
2171000 375.132
2172000 375.583
2173000 372.676
2174000 376.199
2175000 376.067
2176000 372.594
2177000 374.296
2178000 375.618
2179000 373.588
2180000 374.665
2181000 368.795
2182000 373.967
2183000 371.309
2184000 372.12
2185000 371.973
2186000 376.157
2187000 375.595
2188000 372.515
2189000 375.154
2190000 371.95
2191000 376.988
2192000 380.646
2193000 376.103
2194000 374.552
2195000 373.373
2196000 373.42
2197000 376.22
2198000 370.857
2199000 372.373
2200000 367.757
2201000 370.478
2202000 374.207
2203000 377.047
2204000 373.329
2205000 374.17
2206000 374.269
2207000 374.192
2208000 378.121
2209000 373.619
2210000 374.8
2211000 371.454
2212000 375.826
2213000 373.232
2214000 376.569
2215000 373.446
2216000 376.731
2217000 369.87
2218000 373.121
2219000 376.568
2220000 370.449
2221000 374.074
2222000 375.924
2223000 369.011
2224000 378.055
2225000 373.571
2226000 377.045
2227000 376.313
2228000 375.071
2229000 376.075
2230000 370.643
2231000 371.314
2232000 373.098
2233000 379.602
2234000 378.732
2235000 374.039
2236000 374.095
2237000 372.032
2238000 372.924
2239000 375.922
2240000 376.633
2241000 371.346
2242000 373.441
2243000 370.582
2244000 375.866
2245000 371.061
2246000 373.599
2247000 371.517
2248000 373.307
2249000 372.406
2250000 378.029
2251000 375.116
2252000 375.87
2253000 376.469
2254000 369.531
2255000 373.363
2256000 371.056
2257000 374.581
2258000 377.255
2259000 373.1
2260000 374.808
2261000 376.516
2262000 377.194
2263000 380.844
2264000 370.333
2265000 374.441
2266000 379.582
2267000 371.385
2268000 373.323
2269000 376.884
2270000 371.565
2271000 375.894
2272000 374.525
2273000 377.305
2274000 372.773
2275000 368.726
2276000 370.375
2277000 374.236
2278000 375.128
2279000 374.105
2280000 375.24
2281000 374.321
2282000 374.536
2283000 375.525
2284000 374.089
2285000 375.846
2286000 375.207
2287000 371.829
2288000 369.222
2289000 373.659
2290000 375.009
2291000 380.895
2292000 372.16
2293000 372.675
2294000 373.536
2295000 377.289
2296000 376.838
2297000 370.829
2298000 372.985
2299000 373.173
2300000 375.828
2301000 374.427
2302000 368.391
2303000 374.409
2304000 376.79
2305000 375.347
2306000 371.467
2307000 377.897
2308000 371.596
2309000 371.53
2310000 372.385
2311000 376.466
2312000 373.85
2313000 380.476
2314000 376.929
2315000 378.577
2316000 374.567
2317000 371.057
2318000 371.064
2319000 378.789
2320000 373.932
2321000 373.352
2322000 376.494
2323000 374.142
2324000 373.024
2325000 373.923
2326000 370.935
2327000 374.425
2328000 371.729
2329000 378.588
2330000 370.661
2331000 375.849
2332000 373.192
2333000 379.028
2334000 376.393
2335000 370.331
2336000 372.657
2337000 373.412
2338000 372.138
2339000 372.578
2340000 373.736
2341000 375.875
2342000 371.116
2343000 371.632
2344000 372.786
2345000 372.435
2346000 375.297
2347000 374.464
2348000 377.881
2349000 377.235
2350000 375.162
2351000 371.382
2352000 375.598
2353000 374.677
2354000 378.835
2355000 372.795
2356000 375.904
2357000 375.236
2358000 374.58
2359000 374.328
2360000 372.571
2361000 372.873
2362000 375.802
2363000 374.161
2364000 365.67
2365000 375.687
2366000 371.494
2367000 372.586
2368000 373.614
2369000 379.284
2370000 373.977
2371000 372.627
2372000 375.316
2373000 369.365
2374000 375.448
2375000 375.771
2376000 376.342
2377000 376.885
2378000 371.318
2379000 376.412
2380000 376.906
2381000 373.23
2382000 376.463
2383000 370.394
2384000 373.589
2385000 372.729
2386000 372.18
2387000 378.26
2388000 374.882
2389000 374.941
2390000 373.816
2391000 375.182
2392000 368.112
2393000 378.316
2394000 372.33
2395000 375.007
2396000 377.331
2397000 378.115
2398000 370.776
2399000 373.715
2400000 371.659
